   1            "B"  277  3502.699219 534.717224 474.342896
   2            "D"  620  1615.787720 1104.742554 2757.029053
   3            "F"  294  2364.292480 887.316833 1504.198975
   4            "G"  253  785.605225 2883.334473 888.723267
   5            "H"    1    2.587788   2.587787   3.505060
   6            "I"   18   51.423695  52.923573  38.002159
   7            "K"  462  3142.553955 7433.703125 2101.492432
   8            "L"  615  1928.265747 2986.120605 1757.657593
   9            "M"  385  1366.872314 4339.706543 1074.584351
  10            "N"  703  2036.101440 2835.596436 10309.835938
  11            "P"  253  1947.417114 4299.468262 988.361206
  12            "R"  899  2545.037598 2895.450439 2604.666016
  13            "S"  652  2225.496582 3161.927490 4420.617188
  14            "T"  685  1647.511353 2167.873535 4580.778320
  15            "V"  228  804.568359 2279.020996 718.285706
  16            "W"  288  1248.162842 1129.262695 792.755798
  17            "Y"   50  184.633713 151.632126 212.101364
  18            "Z"  582  1851.178955 1797.169067 3303.881348
  19           "AA"  341  1879.967041 1209.819580 2183.595947
  20           "AE"  303  1791.188477 1502.117310 1230.577393
  21           "AH" 1203  3431.308594 4079.893555 3185.587646
  22           "AO"  303  907.168213 1183.686157 1109.792847
  23           "AW"   46  230.002319 399.800232 257.986084
  24           "AY"  135  421.599884 763.981262 834.798218
  25           "CH"   62  237.631073 214.266876 308.716339
  26           "DH"  254  1038.319946 3309.420898 1272.728149
  27           "EA"    1    1.171811   1.171810   1.202175
  28           "EH"  399  1226.613770 814.761902 1739.041138
  29           "EN"    1    4.017851   4.017811   6.350821
  30           "ER"  406  1287.543213 1676.594482 2267.661377
  31           "EY"  178  548.743591 883.567932 695.390259
  32           "HH"  283  1914.464478 4455.115723 1400.610840
  33           "IH"  810  2477.720459 2072.749512 2374.170166
  34           "IY"  438  1227.786987 2264.196045 1859.887817
  35           "JH"   93  435.170013 234.482056 309.939697
  36           "NG"   72  301.412140 328.020630 1435.227417
  37           "OW"  147  447.415009 767.637573 1056.427490
  38           "OY"   27   99.514992 174.336136 252.640442
  39           "SH"   32  182.981903 147.530273 144.434280
  40           "TH"   43  326.130035 837.454163 226.821030
  41           "UH"   47  186.088455 306.830109 859.180420
  42           "UW"  150  326.230316 310.123749 828.102539
  43           "ZH"    1    0.999762   0.999762   0.999762
  44           "sp"    0    0.000000
  45          "sil"    0    0.000000   0.000000   0.000000
