   1            "B"   76  471.028229 173.314697 203.749130
   2            "D"  163  439.300964 689.070557 2098.384521
   3            "F"   87  1097.054077 189.107224 425.850403
   4            "G"   62  100.044518 128.929642 283.753052
   5            "H"    0    0.000000   0.000000   0.000000
   6            "I"    4   48.083622  22.686262  39.056896
   7            "K"  103  1223.454346 310.511993 455.978241
   8            "L"  158  529.027405 854.500549 516.820374
   9            "M"  109  313.117401 1235.229126 334.114777
  10            "N"  178  566.383118 829.357849 821.824768
  11            "P"   62  284.999481 1045.894531 409.511902
  12            "R"  213  629.117188 749.301575 603.826416
  13            "S"  160  644.017334 1208.078979 840.831604
  14            "T"  152  370.469666 433.895569 475.140686
  15            "V"   36  196.129028  52.499081 132.836807
  16            "W"   74  229.157013 163.741684 275.301300
  17            "Y"   11   39.926285  38.012390  49.688602
  18            "Z"  146  461.863525 657.300293 736.294922
  19           "AA"   88  1554.794189 449.421783 564.881165
  20           "AE"   85  392.996704 452.468994 286.020782
  21           "AH"  316  1158.222412 1333.612793 820.901550
  22           "AO"   69  217.400238 238.328094 191.923477
  23           "AW"   18  155.027618 107.281273 273.250732
  24           "AY"   20  100.784248  88.654427  92.008453
  25           "CH"   15   55.678734  75.056419 121.662636
  26           "DH"   69  409.593750 1167.652832 553.079102
  27           "EA"    1    1.275432   1.275393   1.322176
  28           "EH"  100  188.036316 295.610413 249.165207
  29           "EN"    0    0.000000   0.000000   0.000000
  30           "ER"   89  255.491699 443.437897 383.389465
  31           "EY"   36  135.131409 215.342163 156.007156
  32           "HH"   74  658.398315 269.389557 172.610062
  33           "IH"  194  578.437988 420.228516 744.590820
  34           "IY"  103  279.511261 588.593872 381.412445
  35           "JH"   26  173.411331 1126.858765 126.652916
  36           "NG"   16   36.459740  46.245354 156.552673
  37           "OW"   25  126.054092  74.135643 506.239136
  38           "OY"    6   14.008184  17.290293  46.774899
  39           "SH"    8   88.321167  40.055157  22.760014
  40           "TH"   13   93.493591 230.261887  45.120621
  41           "UH"   18   79.280342  63.808395 192.404266
  42           "UW"   32   61.722919 137.607925 110.764954
  43           "ZH"    0    0.000000   0.000000   0.000000
  44           "sp"    0    0.000000
  45          "sil"    0    0.000000   0.000000   0.000000
