   1            "B"  205  2391.766357 400.467896 389.464447
   2            "D"  459  1025.820068 1607.773926 1867.668823
   3            "F"  220  1853.945068 700.093018 1124.523804
   4            "G"  182  953.678345 3085.174316 688.341675
   5            "H"    1    2.424421   2.424421   3.201174
   6            "I"   14   14.029067  38.772663  36.424938
   7            "K"  363  1723.569824 5364.179688 1638.174194
   8            "L"  461  1451.914185 2253.264893 1389.122314
   9            "M"  291  895.880554 3199.849365 814.009338
  10            "N"  535  1522.319580 2133.950195 6922.958984
  11            "P"  194  1226.453247 2953.631836 806.539551
  12            "R"  674  2125.135986 2179.890869 1989.515259
  13            "S"  485  1594.704224 2341.485840 3249.657959
  14            "T"  526  1360.355347 1413.205566 2286.733887
  15            "V"  173  623.520630 1952.962158 585.566040
  16            "W"  223  891.377747 768.972473 609.285034
  17            "Y"   37  290.298828 162.049973 199.219635
  18            "Z"  434  1349.444336 1238.212280 2631.502441
  19           "AA"  255  3834.270996 1373.322876 1781.578125
  20           "AE"  222  1099.377075 1105.228760 924.705444
  21           "AH"  918  2627.203613 3578.761719 2847.684570
  22           "AO"  224  781.852173 880.759277 920.734985
  23           "AW"   38  188.227264 358.004395 133.658356
  24           "AY"  103  392.443542 472.877228 567.673157
  25           "CH"   48  164.605972 161.899094 420.638550
  26           "DH"  189  2195.607422 560.255920 906.744080
  27           "EA"    1    1.116514   1.116514   1.136717
  28           "EH"  300  792.373352 622.201660 1302.082031
  29           "EN"    0    0.000000   0.000000   0.000000
  30           "ER"  312  1074.441895 1321.091553 1833.434570
  31           "EY"  139  399.944550 684.925049 516.390686
  32           "HH"  207  1076.500854 2557.290527 935.255127
  33           "IH"  605  1748.706909 1722.763428 1512.973389
  34           "IY"  318  839.480286 1685.770020 1330.524658
  35           "JH"   68  363.098877 164.959534 236.463211
  36           "NG"   59  301.164673 251.598083 968.908081
  37           "OW"  110  316.840088 634.371155 1136.670166
  38           "OY"   18   62.100765 125.803055 151.616821
  39           "SH"   21   90.249489 102.194305 113.970268
  40           "TH"   32  156.507950 765.879822 162.288208
  41           "UH"   40  143.866028 213.429886 580.724731
  42           "UW"  114  213.180725 151.992111 650.384705
  43           "ZH"    0    0.000000   0.000000   0.000000
  44           "sp"    0    0.000000
  45          "sil"    0    0.000000   0.000000   0.000000
