   1            "B"  277  3502.327881 534.679504 474.320862
   2            "D"  620  1616.626343 1103.275269 2757.903076
   3            "F"  294  2362.999023 887.544861 1504.363037
   4            "G"  253  785.551331 2882.064209 889.015442
   5            "H"    1    2.585111   2.585110   3.500555
   6            "I"   18   51.423721  52.921986  38.007126
   7            "K"  462  3142.733154 7433.696777 2101.352783
   8            "L"  615  1928.038818 2985.843994 1757.769165
   9            "M"  385  1366.881592 4339.632324 1074.557617
  10            "N"  703  2036.368530 2835.661621 10310.169922
  11            "P"  253  1947.367920 4299.385742 988.466614
  12            "R"  899  2545.381104 2895.371094 2604.803955
  13            "S"  652  2225.605225 3162.016113 4420.485840
  14            "T"  685  1647.911987 2168.456299 4581.478027
  15            "V"  228  804.632507 2278.961670 718.286011
  16            "W"  288  1246.595337 1129.046265 792.531128
  17            "Y"   50  184.614365 151.639465 212.111404
  18            "Z"  582  1851.317627 1797.211914 3303.845215
  19           "AA"  341  1882.551392 1211.008423 2183.760742
  20           "AE"  303  1790.952759 1502.072754 1230.584351
  21           "AH" 1203  3430.576172 4079.451172 3185.178223
  22           "AO"  303  907.025146 1183.738770 1109.697876
  23           "AW"   46  230.016937 399.781464 257.987061
  24           "AY"  135  421.598602 764.001953 834.787659
  25           "CH"   62  237.543289 214.263626 308.672974
  26           "DH"  254  1037.942749 3308.956543 1272.407471
  27           "EA"    1    1.172009   1.172008   1.202411
  28           "EH"  399  1226.707153 814.803284 1739.038940
  29           "EN"    1    4.017886   4.017845   6.350930
  30           "ER"  406  1287.546631 1676.678711 2267.726807
  31           "EY"  178  548.812500 883.568176 695.384888
  32           "HH"  283  1914.556641 4455.114746 1400.630127
  33           "IH"  810  2478.127930 2072.583252 2374.509521
  34           "IY"  438  1227.859741 2264.208496 1859.899292
  35           "JH"   93  435.230316 234.463501 309.885498
  36           "NG"   72  301.404999 328.024780 1435.394043
  37           "OW"  147  447.366119 767.636475 1056.350342
  38           "OY"   27   99.517921 174.334808 252.730331
  39           "SH"   32  182.985489 147.522354 144.429977
  40           "TH"   43  326.131531 837.445007 226.814743
  41           "UH"   47  186.108612 306.819611 859.186951
  42           "UW"  150  326.199615 310.113251 828.119690
  43           "ZH"    1    0.999762   0.999762   0.999762
  44           "sp"    0    0.000000
  45          "sil"    0    0.000000   0.000000   0.000000
