   1            "B"  211  2968.794434 439.442566 379.142639
   2            "D"  472  1269.894653 1150.467407 3192.298584
   3            "F"  231  2384.660645 692.736633 1177.932373
   4            "G"  193  822.778564 3055.098633 658.646851
   5            "H"    1    1.448102   1.448037   1.543722
   6            "I"   16   26.495394  44.697182  34.617680
   7            "K"  340  1936.099243 5588.273926 1498.448486
   8            "L"  450  1194.728516 2091.414307 1324.260376
   9            "M"  289  874.908325 2482.614990 824.430298
  10            "N"  534  1592.941406 2173.009521 7191.066895
  11            "P"  193  1336.056885 3223.851562 841.241760
  12            "R"  674  2009.009766 2212.927490 1878.469238
  13            "S"  475  1684.408203 3761.988525 2730.726318
  14            "T"  505  1249.001343 3025.234863 1536.581543
  15            "V"  173  404.377045 1296.038208 561.915833
  16            "W"  200  703.849304 753.438049 530.632446
  17            "Y"   38  107.954460 111.570305 198.737045
  18            "Z"  424  1351.368042 1742.951904 2059.722900
  19           "AA"  246  1931.718262 1110.321899 1669.147705
  20           "AE"  232  1457.507446 1113.637939 905.632446
  21           "AH"  920  2420.831299 3093.534912 2728.490479
  22           "AO"  227  623.280029 824.100525 768.815430
  23           "AW"   35  240.234344 204.830566  77.671295
  24           "AY"   97  283.287140 538.531799 588.478210
  25           "CH"   49  175.485535 216.882156 363.719849
  26           "DH"  185  869.569580 2567.666748 934.503174
  27           "EA"    1    1.122571   1.122543   1.144863
  28           "EH"  302  1038.866455 765.637878 1286.052856
  29           "EN"    1    1.591032   1.591013   1.905698
  30           "ER"  300  1003.962463 1438.971802 1671.478271
  31           "EY"  132  450.389435 647.977722 474.141571
  32           "HH"  210  1130.017822 3020.713867 1034.930420
  33           "IH"  606  1826.174805 1625.181763 1719.614014
  34           "IY"  328  880.086548 1727.185303 1388.167480
  35           "JH"   71  262.495880 180.491287 214.786697
  36           "NG"   50  214.432434 217.054398 650.189819
  37           "OW"  109  379.983856 391.291718 449.735352
  38           "OY"   20   67.847809 135.054596 194.883163
  39           "SH"   23  127.749779 118.163124 107.489967
  40           "TH"   31  136.091965 473.499512 169.877975
  41           "UH"   38   94.614319 235.590012 440.586395
  42           "UW"  104  227.112869 211.566025 551.195374
  43           "ZH"    0    0.000000   0.000000   0.000000
  44           "sp"    0    0.000000
  45          "sil"    0    0.000000   0.000000   0.000000
