   1            "B"   64  914.258667 142.607254 255.800598
   2            "D"  163  618.297424 316.502563 887.281860
   3            "F"   87  222.454483 517.773438 442.342987
   4            "G"   66  291.566803 1010.198730 251.470367
   5            "H"    0    0.000000   0.000000   0.000000
   6            "I"    9   14.570622  10.951839  19.770193
   7            "K"  114  441.496399 1600.817017 516.245544
   8            "L"  146  498.364655 896.960571 2369.388184
   9            "M"  118  544.204285 501.956024 230.156799
  10            "N"  187  488.511810 802.206726 465.253113
  11            "P"   74  511.990967 1225.920410 276.484406
  12            "R"  225  488.363556 701.984253 715.881958
  13            "S"  165  499.300385 635.177673 1218.568848
  14            "T"  179  803.137939 382.189087 669.521057
  15            "V"   60  120.984474 270.578186 217.287003
  16            "W"   81  579.475220 226.822769 162.608582
  17            "Y"   11   67.161949  27.302238  11.556346
  18            "Z"  156  518.037354 935.410889 698.409851
  19           "AA"   77  251.401108 264.271637 301.166901
  20           "AE"   71  433.433594 390.380035 334.482330
  21           "AH"  331  1170.079956 1985.707397 1072.824829
  22           "AO"   89  238.438492 348.356812 339.427094
  23           "AW"   13   37.578064  59.323502  89.151047
  24           "AY"   35   88.468674 133.876297 166.793381
  25           "CH"   18   97.814575  85.321564 120.332985
  26           "DH"   59  229.520645 662.297363 279.921906
  27           "EA"    0    0.000000   0.000000   0.000000
  28           "EH"   99  293.250122 244.002457 391.307465
  29           "EN"    1    1.085180   1.085176   1.103679
  30           "ER"  109  290.989655 468.295868 501.417511
  31           "EY"   39  207.615784  89.803825 102.959717
  32           "HH"   72  752.630615 1463.888306 345.611298
  33           "IH"  220  690.609436 574.007507 701.333496
  34           "IY"  108  319.472382 624.838684 429.904572
  35           "JH"   27  141.699570  71.858192  64.359886
  36           "NG"   23   78.984001 114.698158 381.354218
  37           "OW"   37  108.945045  66.855278 178.455032
  38           "OY"    6   41.840534  30.211433  32.150970
  39           "SH"    8   35.285217  37.131432  57.519375
  40           "TH"   12   76.813164 311.509247  21.916445
  41           "UH"   16   58.329292  75.044174  80.404297
  42           "UW"   36   64.543472  60.708755 138.187973
  43           "ZH"    1    0.999852   0.999852   0.999852
  44           "sp"    0    0.000000
  45          "sil"    0    0.000000   0.000000   0.000000
