   1            "B"  133  1639.043579 280.963959 209.117279
   2            "D"  311  939.365051 902.648865 3073.420410
   3            "F"  154  1591.612915 407.440979 748.790283
   4            "G"  118  303.914429 782.618225 393.347534
   5            "H"    0    0.000000   0.000000   0.000000
   6            "I"   10   30.980608  29.106176  24.691633
   7            "K"  229  1488.699219 3607.323975 939.891235
   8            "L"  316  872.249512 1528.117554 982.094055
   9            "M"  198  563.310425 2054.211914 533.833313
  10            "N"  362  1184.250000 1470.980225 5199.038574
  11            "P"  133  780.901855 2175.039551 626.891907
  12            "R"  457  1206.748779 1391.607422 1352.300415
  13            "S"  340  1330.520996 2350.548584 1892.747070
  14            "T"  370  897.135193 1207.655396 2421.807129
  15            "V"  111  626.947449 290.746063 324.078796
  16            "W"  146  826.899536 552.833618 407.141022
  17            "Y"   23  106.708977  59.431210  52.541492
  18            "Z"  278  859.087402 1228.480469 1336.946533
  19           "AA"  173  845.590271 480.757843 944.427429
  20           "AE"  150  496.056641 689.220337 521.507385
  21           "AH"  608  1756.565063 2163.814697 1276.516846
  22           "AO"  165  443.622253 667.447815 515.107483
  23           "AW"   22  126.389023 124.348335 102.392273
  24           "AY"   70  301.962646 327.557373 368.381714
  25           "CH"   34  171.936096 116.257782 174.038986
  26           "DH"  135  557.706482 1620.073364 579.818848
  27           "EA"    0    0.000000   0.000000   0.000000
  28           "EH"  203  470.199921 517.923828 831.418823
  29           "EN"    0    0.000000   0.000000   0.000000
  30           "ER"  197  665.134827 936.749268 978.196594
  31           "EY"   84  310.442261 364.141632 271.590759
  32           "HH"  146  2299.031982 642.706787 740.891174
  33           "IH"  411  1346.202026 1217.139282 1058.385498
  34           "IY"  228  647.272156 1253.338013 947.071594
  35           "JH"   50  143.210770 159.076721 151.454071
  36           "NG"   32  141.158966 128.856674 631.225098
  37           "OW"   72  232.804276 421.516815 447.047638
  38           "OY"   17   67.322166 110.555130 148.339539
  39           "SH"   20  156.942841 102.663017  59.478275
  40           "TH"   23  299.172943 474.238159  71.524269
  41           "UH"   24   44.373779 170.422974 261.298584
  42           "UW"   79  220.435684 173.714859 448.897156
  43           "ZH"    1    0.999787   0.999787   0.999787
  44           "sp"    0    0.000000
  45          "sil"    0    0.000000   0.000000   0.000000
