   1            "B"   30  140.921005 221.450180  93.047501
   2            "D"   55  151.924652 121.527328 296.276428
   3            "F"   26  210.167572  74.375313 134.295639
   4            "G"   30  102.678177 125.504250 151.082184
   5            "H"    0    0.000000   0.000000   0.000000
   6            "I"    2    2.009588   2.009580   2.011233
   7            "K"   54  210.024200 865.601501 172.240250
   8            "L"   54  162.921295 234.424408 238.097061
   9            "M"   30  332.943634 117.668045  58.503101
  10            "N"   60  186.200150 300.114716 329.863037
  11            "P"   31  153.125488 159.719589 582.073120
  12            "R"   93  268.933258 528.099854 215.237518
  13            "S"   69  270.721680 340.110046 413.874542
  14            "T"   68  227.526108 575.835449 309.165558
  15            "V"   18   30.388565  58.114426  91.265526
  16            "W"   28   59.530853  67.694893  79.448883
  17            "Y"    4   53.303982  36.946144  20.846798
  18            "Z"   60  176.158508 203.666138 563.390198
  19           "AA"   32  110.328056  80.264450 270.628082
  20           "AE"   37  340.107819 153.704590 498.011780
  21           "AH"  110  176.604477 348.581757 359.898712
  22           "AO"   35  101.762428 127.372017 150.634750
  23           "AW"    1    1.119799   1.119831   1.141966
  24           "AY"   19   56.116852 146.365891 173.812424
  25           "CH"    4   19.957180  10.674469  22.993849
  26           "DH"   29  366.453644  71.808372  70.116814
  27           "EA"    0    0.000000   0.000000   0.000000
  28           "EH"   33   74.743706 112.214699  87.737518
  29           "EN"    0    0.000000   0.000000   0.000000
  30           "ER"   37  102.581871 125.997879 220.728210
  31           "EY"   18   67.257607  82.920052  85.188797
  32           "HH"   25  517.487610  82.018913  77.807404
  33           "IH"   94  284.062012 193.423691 430.887360
  34           "IY"   43  116.126358 215.476822 207.527847
  35           "JH"   11  141.337158 140.116440 175.425095
  36           "NG"    5   17.937531  18.803465  39.555813
  37           "OW"   12  183.033478  60.593967  95.473740
  38           "OY"    0    0.000000   0.000000   0.000000
  39           "SH"    2    2.270657   2.270653   2.322102
  40           "TH"    4   20.006466  13.358829  17.910980
  41           "UH"    2    2.238110   2.238075   2.280553
  42           "UW"   16   37.116028  30.044880  84.516884
  43           "ZH"    0    0.000000   0.000000   0.000000
  44           "sp"    0    0.000000
  45          "sil"    0    0.000000   0.000000   0.000000
