   1            "B"   23  139.538208  61.912849 344.612183
   2            "D"   53  119.329544 262.816498  84.113075
   3            "F"   45  129.927200 304.069763 235.416000
   4            "G"   34   91.915253 496.528198 142.035828
   5            "H"    0    0.000000   0.000000   0.000000
   6            "I"    2    2.005299   2.005295   2.006188
   7            "K"   42  220.230438 592.375732 158.592682
   8            "L"   55  148.664474 261.336609 371.152649
   9            "M"   31  118.388802 127.432739 131.195328
  10            "N"   72  274.679840 235.148499 448.849091
  11            "P"   20  101.723900  76.175812 184.666138
  12            "R"   81  183.027832 328.369415 329.640533
  13            "S"   68  242.019089 210.852692 451.653290
  14            "T"   67  275.794464 758.325439 218.623276
  15            "V"   17   59.525955  35.571419 109.686188
  16            "W"   30   94.758926 113.809196 136.870895
  17            "Y"    6   37.655918  22.117443  69.292809
  18            "Z"   58  159.423798 156.248413 335.277069
  19           "AA"   36  107.505394 128.638580 153.527405
  20           "AE"   22  222.329193 124.282127 107.316246
  21           "AH"  133  273.938171 252.424133 451.369934
  22           "AO"   29  141.364151 114.268570  61.269863
  23           "AW"    6   18.864096  14.190916  22.825136
  24           "AY"   11   25.440210  50.018776 100.211052
  25           "CH"    9   34.295696  38.867996  74.678253
  26           "DH"   27  261.765350 107.816101 127.797752
  27           "EA"    0    0.000000   0.000000   0.000000
  28           "EH"   37   90.847847  97.767265  96.915276
  29           "EN"    0    0.000000   0.000000   0.000000
  30           "ER"   33  192.775024 907.072510 161.973068
  31           "EY"   15  129.236328  65.863335  58.253658
  32           "HH"   33  309.355988 124.579735 124.843796
  33           "IH"   94  308.205475 260.802521 270.055176
  34           "IY"   35   82.859772 117.671890 224.293655
  35           "JH"    5   18.575781 122.651314   4.999581
  36           "NG"    9   51.777905  48.312462  71.124191
  37           "OW"   11   41.018703  28.861460 100.815147
  38           "OY"    3   53.936848 141.953445  18.073359
  39           "SH"    1    3.835410   3.835410   5.839954
  40           "TH"    4    9.066529  38.469353  25.735380
  41           "UH"   10   30.482031  47.712585  35.783085
  42           "UW"    7   17.905935  18.278347  79.838478
  43           "ZH"    0    0.000000   0.000000   0.000000
  44           "sp"    0    0.000000
  45          "sil"    0    0.000000   0.000000   0.000000
