   1            "B"  210  3168.447510 410.254761 341.121155
   2            "D"  465  1506.069702 910.226868 3033.231445
   3            "F"  216  2244.665527 654.464233 1072.632080
   4            "G"  200  885.251831 3177.462646 791.717712
   5            "H"    0    0.000000   0.000000   0.000000
   6            "I"   15   23.066147  31.990473  28.562326
   7            "K"  357  2240.603271 6060.781250 1651.417969
   8            "L"  451  1413.919556 2045.269165 1405.062256
   9            "M"  282  679.021484 1823.169800 647.851562
  10            "N"  526  1545.778809 2070.354004 4660.135742
  11            "P"  195  1405.524536 3211.279297 911.273987
  12            "R"  672  1958.054199 2153.385742 1785.830322
  13            "S"  508  1879.387573 1805.961670 3680.314941
  14            "T"  529  2906.120117 1226.842773 1854.032593
  15            "V"  169  600.468079 535.335510 521.374146
  16            "W"  213  788.308289 759.725342 586.550476
  17            "Y"   36  162.953964 142.728683 372.366302
  18            "Z"  439  1426.200928 1718.557983 2191.248291
  19           "AA"  255  2756.524170 1211.962524 1823.039551
  20           "AE"  238  1245.978638 1138.220093 903.975220
  21           "AH"  907  2789.905273 3077.875244 2384.530029
  22           "AO"  224  655.806091 960.325867 864.858643
  23           "AW"   38  202.204742 319.707367 193.418457
  24           "AY"  114  357.570679 639.307678 728.141602
  25           "CH"   56  268.702454 233.042328 372.404541
  26           "DH"  202  890.338867 2759.361328 1243.069946
  27           "EA"    1    1.063596   1.063596   1.075001
  28           "EH"  304  756.611572 648.810120 1318.865356
  29           "EN"    1    4.086566   4.086576   6.546046
  30           "ER"  312  973.545532 1317.099854 1853.616821
  31           "EY"  135  433.771515 620.180054 491.319336
  32           "HH"  222  1246.620605 3395.131592 1133.682373
  33           "IH"  611  2412.104736 1367.312012 2018.108032
  34           "IY"  334  840.902832 1625.324585 1446.899414
  35           "JH"   73  312.142517 176.749374 261.035187
  36           "NG"   57  256.133331 291.288788 875.505920
  37           "OW"  107  288.163452 580.386597 1289.940186
  38           "OY"   19   66.126404 109.646355 112.981689
  39           "SH"   28  205.320496 115.569626 103.874519
  40           "TH"   36  291.668915 871.287415 173.272598
  41           "UH"   30  167.833954  75.391518 246.714066
  42           "UW"  116  200.081284 199.390045 710.869019
  43           "ZH"    1    0.999657   0.999657   0.999657
  44           "sp"    0    0.000000
  45          "sil"    0    0.000000   0.000000   0.000000
