~a "mfc"
<ADAPTKIND>TREE
<BASECLASS>~b "rtree.base"
<XFORMSET>
<XFORMKIND>MLLRMEAN
<NUMXFORMS> 2
<LINXFORM> 1
<VECSIZE> 25
<OFFSET>
<BIAS> 25
 1.198045e+00 -3.550870e-01 -5.953623e-01 1.173166e-01 -5.263687e-01 -7.796806e-01 -4.561154e-01 -7.235664e-01 -7.069962e-02 -5.526848e-01 -6.031360e-01 1.164341e-01 -2.188862e-03 -1.091660e-02 -7.821485e-02 6.530372e-02 8.728848e-02 -8.073298e-02 -6.996182e-02 -1.795171e-02 6.335375e-02 2.795815e-02 -3.635472e-02 -2.091825e-02 -1.418807e-03
<BLOCKINFO> 1 25
<BLOCK> 1
<XFORM> 25 25
 1.170874e+00 -2.639854e-01 -1.284872e-01 -1.577436e-01 3.198235e-02 1.197931e-01 4.060084e-02 -4.667563e-02 1.650066e-01 -3.359083e-02 -1.612000e-01 -2.284978e-01 -3.690087e+00 8.943069e-01 -2.050664e+00 -7.298069e-02 -2.507504e+00 1.471467e+00 -2.611770e+00 -1.382523e-01 -1.218285e+00 8.576253e-01 -1.425612e+00 -1.607325e+00 1.929712e+00
 2.242564e-02 1.170127e+00 2.580583e-01 1.093533e-01 8.808122e-02 1.505108e-02 1.233961e-01 1.114975e-01 -3.123669e-01 2.633407e-01 -2.163726e-01 2.225975e-01 1.665212e-01 -2.529550e-02 8.891958e-02 -9.094071e-01 2.001757e-01 -6.740652e-01 -5.492760e-01 8.939350e-01 -2.321689e-01 3.912661e-02 -3.826168e-03 -3.345118e-01 -5.919799e-01
 -6.915461e-02 1.222679e-01 1.122597e+00 1.111051e-01 2.191558e-02 1.252972e-01 1.479110e-02 -1.172494e-01 4.047735e-02 -1.688138e-01 1.409115e-01 1.126622e-01 8.389785e-01 -3.663069e-01 8.721208e-01 -2.306052e-01 -3.277459e-02 1.694383e-01 -1.662040e-01 9.992036e-01 -6.738067e-01 8.409063e-01 5.733498e-01 1.018546e+00 -3.231116e-01
 1.037458e-01 -1.587754e-01 -8.906130e-02 8.712151e-01 -1.476930e-02 1.688098e-01 -1.288039e-01 -9.810580e-02 2.878331e-01 -1.146984e-01 -9.161833e-02 -2.062856e-02 -2.548763e+00 5.020817e-01 -1.322125e+00 1.658216e-01 -1.455024e+00 7.315536e-01 -1.808717e+00 -8.573698e-01 -8.744765e-01 5.162084e-01 -8.925108e-01 6.420043e-01 7.043837e-01
 -1.722014e-01 1.747732e-01 8.501706e-02 1.801127e-01 1.147538e+00 -4.188033e-02 7.171489e-02 -4.628994e-02 -4.552665e-02 -3.013029e-01 3.345881e-01 -3.651847e-02 1.746813e+00 -9.172043e-01 1.248676e+00 -3.677033e-01 2.052508e+00 -7.966833e-01 9.025503e-01 1.335073e+00 -1.261093e+00 -1.546742e-01 -6.182548e-01 1.755826e+00 -4.288189e-01
 -9.695768e-02 3.037785e-01 9.143347e-02 2.229160e-01 1.576331e-01 8.686291e-01 3.338810e-01 3.439745e-02 -2.948364e-01 1.802724e-01 -5.063209e-02 7.840785e-02 2.706466e+00 -9.579749e-01 1.188942e+00 -7.317927e-02 1.562374e+00 -1.248158e-01 1.431861e+00 7.430242e-01 5.879471e-01 -4.371564e-02 -4.047892e-01 5.063544e-01 -6.577365e-01
 -1.001629e-01 2.451048e-01 1.282777e-01 1.751831e-01 2.196398e-02 -9.444945e-02 1.170994e+00 4.170199e-02 -3.101992e-01 1.944951e-01 2.049599e-03 5.558399e-02 2.429875e+00 -8.537112e-01 2.019475e+00 -5.590577e-01 6.899717e-01 -7.009063e-01 5.684035e-01 1.767264e-01 4.720134e-01 -3.571139e-01 1.669269e-01 9.811770e-02 -2.092819e+00
 -1.282569e-01 2.062841e-01 1.106495e-01 8.966270e-02 1.256490e-02 -9.651207e-02 8.145786e-02 1.064227e+00 -2.740610e-01 1.644574e-01 -1.172459e-01 9.974014e-02 2.541836e+00 -5.366495e-01 1.282233e+00 -2.379818e-01 9.214972e-01 -6.857922e-01 1.221640e+00 4.323792e-01 7.154404e-01 -9.128483e-01 1.023860e+00 -7.422535e-02 -1.350384e+00
 -4.501732e-02 2.639234e-02 3.886939e-02 7.414834e-02 -9.511411e-02 -3.177616e-02 -4.684087e-02 -1.207127e-02 9.937667e-01 -2.604190e-03 8.626541e-02 6.375441e-02 4.125753e+00 -2.384822e+00 1.703345e+00 -1.431916e+00 2.031856e+00 -4.706924e-01 2.632362e+00 -6.973975e-01 1.592078e+00 -6.335648e-01 1.660707e+00 -1.583434e+00 -2.758854e+00
 -5.333412e-03 1.284061e-01 -1.156380e-01 1.065328e-02 7.015987e-02 -1.539568e-01 7.898980e-02 6.756235e-02 -1.262616e-01 1.233204e+00 -1.310705e-01 3.892118e-02 3.606805e-01 9.684656e-02 5.859186e-01 -9.524889e-02 1.766121e-01 2.455897e-01 7.906485e-01 -4.723015e-01 8.472956e-01 -3.762876e-01 4.698192e-01 -3.685332e-01 5.120830e-01
 -1.294565e-01 1.128406e-01 -2.531543e-01 -7.657906e-02 8.075988e-02 -9.273614e-02 3.499574e-02 -9.203143e-02 1.036841e-02 -7.689933e-02 1.056831e+00 -1.930954e-01 -5.725403e-01 6.923445e-01 6.739610e-01 1.149870e+00 -8.495495e-01 3.846341e-01 2.786420e-01 -1.761736e-02 1.735881e-02 -3.924004e-01 3.068656e-01 9.375154e-01 1.230137e+00
 -6.551729e-02 -4.605072e-03 -1.070651e-01 -4.593924e-02 -8.551789e-02 -5.649780e-02 -1.708042e-02 -5.220529e-02 3.270464e-02 2.837599e-03 -8.474288e-02 8.275953e-01 -2.973812e-02 3.026203e-01 2.460606e-01 6.714399e-01 -5.332367e-01 3.070051e-01 1.539227e-01 -9.162068e-02 1.130137e-01 3.324625e-01 1.484204e-01 -2.985271e-01 3.649042e-01
 7.197992e-03 -1.700264e-02 -2.789492e-02 -2.934969e-02 5.734965e-03 1.485569e-02 -7.088861e-03 -1.086039e-02 1.966135e-02 3.904122e-03 -2.547159e-02 -2.527155e-02 5.666442e-01 3.570727e-01 -2.188997e-01 2.261842e-01 -2.803188e-01 2.157928e-01 -1.142872e-01 -1.071602e-02 2.659301e-02 3.022488e-02 1.049265e-01 -4.880759e-02 6.081207e-01
 1.613172e-02 -7.108700e-03 -2.304426e-02 -4.777126e-03 -4.803194e-03 2.007884e-02 -7.721418e-04 -2.545657e-02 5.345783e-02 -1.884056e-02 1.797392e-02 -1.350007e-02 -7.904675e-02 1.056997e+00 1.165785e-02 6.925958e-02 -7.460251e-02 1.995896e-01 -3.007169e-02 -1.475089e-02 -4.533589e-02 1.241122e-01 -1.380271e-01 4.036602e-02 2.424566e-01
 4.988935e-03 1.016893e-02 -2.090827e-02 -7.221303e-03 2.674920e-02 -7.782346e-03 1.062358e-02 -2.847584e-03 -4.880790e-04 2.183124e-02 -4.036226e-02 5.849340e-03 -5.122008e-01 3.067601e-01 8.816574e-01 1.655891e-01 -2.738482e-01 2.319282e-01 -3.587122e-01 4.099718e-02 -1.840755e-01 2.185708e-01 -2.423026e-01 1.672207e-01 4.965937e-01
 5.951343e-03 -2.450601e-02 -2.565149e-02 -3.060173e-02 2.180193e-02 -1.967989e-02 -1.419757e-02 2.220299e-02 -1.182105e-02 2.670704e-02 -6.997687e-02 -1.647506e-02 -4.361840e-01 2.250856e-01 -2.159925e-01 1.025559e+00 -1.235100e-01 -1.075847e-01 -1.855803e-01 -3.113040e-01 1.184154e-01 -1.883448e-01 3.960479e-02 -1.657187e-01 6.974997e-02
 1.136239e-02 -1.242295e-02 -3.296345e-03 -8.121642e-03 -2.967178e-03 -4.514846e-03 -1.297492e-02 1.468786e-03 1.471771e-02 -5.719055e-03 -1.838039e-02 9.316262e-03 7.017983e-03 -1.666489e-01 -2.107935e-01 -1.625369e-01 1.120032e+00 -1.219909e-01 -1.927020e-02 -2.969186e-01 1.807296e-01 -2.718426e-01 -1.004089e-01 -2.589859e-01 -3.073951e-01
 7.699942e-04 1.616087e-02 -1.606043e-02 4.543618e-03 -1.201556e-02 1.367553e-02 4.593482e-03 -3.555287e-02 4.919124e-02 -4.543692e-02 5.307774e-02 5.434670e-03 -2.062654e-01 -1.534983e-03 -4.030794e-02 -5.831221e-02 -3.815740e-02 1.157606e+00 2.712240e-02 -2.006156e-02 -9.836488e-02 2.486580e-01 -1.946176e-01 1.374595e-01 1.469877e-01
 7.396336e-03 1.836423e-02 -5.692326e-03 8.610811e-03 -7.593443e-04 -6.104120e-03 1.413198e-03 -1.053944e-02 2.008635e-02 2.820171e-03 5.653619e-03 3.327052e-02 -5.435167e-01 2.729714e-01 -3.116503e-01 9.255496e-02 -1.036003e-01 1.008273e-01 9.195348e-01 1.037648e-01 -2.372156e-01 2.006076e-01 -1.978024e-01 1.323633e-01 4.993240e-01
 1.654817e-02 -8.455728e-03 2.280148e-02 -4.196885e-04 -8.065085e-03 1.496276e-02 -2.882329e-02 7.367651e-03 -8.336996e-03 3.154568e-02 4.849200e-03 5.226833e-02 4.382122e-02 -1.981563e-01 8.963254e-02 -1.881272e-01 2.347782e-02 -1.442596e-01 -3.917503e-02 9.194915e-01 6.008780e-02 -2.855946e-01 8.737493e-02 -9.030674e-02 -3.099053e-01
 -6.874452e-03 6.330907e-03 4.920880e-02 3.085647e-02 -1.262473e-03 -1.954571e-02 8.543644e-03 2.609609e-02 -5.887004e-02 2.746847e-02 -3.558467e-03 4.921095e-02 6.361907e-01 -4.409119e-01 2.306274e-01 -3.248098e-01 3.476160e-01 -3.690940e-01 2.030235e-01 -9.319711e-02 1.150877e+00 -2.123021e-01 1.037276e-03 -1.243889e-01 -8.456697e-01
 -6.501926e-03 -1.754077e-03 1.764137e-02 7.145120e-03 -5.435240e-03 -8.325868e-03 2.251153e-03 1.032821e-02 -2.738500e-02 5.985297e-03 5.032752e-03 1.757002e-02 2.406785e-01 -2.159999e-01 1.135504e-01 -1.942165e-01 1.070978e-01 -1.362046e-01 1.459037e-01 -1.673792e-01 1.647823e-01 8.190476e-01 2.069630e-01 -1.690481e-01 -3.814984e-01
 1.242478e-02 5.654746e-03 9.658706e-03 6.782814e-03 1.913492e-03 1.173163e-03 2.497289e-03 8.008336e-03 2.543724e-03 6.814897e-03 1.296944e-02 2.070865e-02 -1.745107e-01 7.795785e-02 -1.398499e-01 -5.750754e-02 -2.316231e-02 -1.050169e-02 -1.276722e-01 1.397050e-01 -1.787345e-01 1.540856e-01 7.785539e-01 1.641279e-01 1.490798e-01
 -1.297763e-02 8.026123e-03 4.403789e-03 3.225965e-03 -1.108616e-04 -5.510472e-03 -6.223031e-03 -2.384226e-03 -8.509535e-03 -1.115062e-02 1.030905e-02 6.165397e-03 1.376864e-01 -9.500062e-02 3.910676e-02 -6.740025e-02 3.123477e-02 -4.339072e-02 1.572653e-02 2.247813e-02 -2.838448e-02 -5.686752e-02 -1.402866e-02 1.063235e+00 -1.682300e-01
 7.339995e-03 5.019613e-03 -9.190655e-03 -6.843980e-03 1.994611e-02 -1.339773e-02 1.804410e-02 1.282866e-02 -1.720872e-02 3.405323e-02 -4.933074e-02 -1.882717e-03 -2.033002e-01 2.481263e-01 -2.533315e-01 1.033774e-01 -3.389553e-02 1.331673e-02 -4.633905e-02 4.917948e-02 2.649205e-02 6.257849e-02 -6.891596e-02 -6.815676e-02 1.349881e+00
<LINXFORM> 2
<VECSIZE> 25
<OFFSET>
<BIAS> 25
 1.915350e-01 -7.171684e-01 1.134249e-01 -6.230279e-02 3.246903e-01 -1.033459e+00 -4.893827e-01 -7.972887e-01 2.537809e-01 -5.007519e-01 -5.831429e-01 2.156850e-02 8.230344e-02 5.239222e-02 -2.075863e-02 2.409825e-02 8.004571e-02 7.396763e-02 5.369384e-03 -1.920751e-02 -2.791710e-03 -6.073581e-02 -5.676113e-03 -5.179475e-03 2.737371e-02
<BLOCKINFO> 1 25
<BLOCK> 1
<XFORM> 25 25
 1.054295e+00 -2.085370e-02 3.933674e-02 -4.029046e-02 1.859550e-02 3.121570e-02 -4.971687e-02 6.797963e-02 -1.663509e-04 6.907651e-02 4.602731e-03 -1.447360e-02 -3.999607e-01 3.596921e-01 -2.152599e-01 1.496235e-01 -2.580346e-01 2.787935e-01 -1.087015e-01 -3.488227e-01 2.724583e-01 1.471815e-01 2.450824e-01 -3.850545e-01 6.357835e-01
 4.820975e-02 1.029363e+00 1.918420e-02 2.365227e-02 2.627226e-02 -5.693629e-02 6.481163e-02 -7.456811e-02 9.028234e-02 -4.821246e-02 -4.334233e-02 7.887550e-02 7.966682e-03 2.579592e-01 3.765123e-02 3.308050e-01 -3.835211e-02 7.387236e-02 -1.802870e-01 1.711363e-01 -1.781428e-01 -8.610660e-02 6.485580e-02 6.355004e-01 6.314052e-01
 -7.179901e-02 2.939712e-02 1.015353e+00 -9.431026e-02 -1.949838e-02 -5.488377e-02 -1.318222e-01 -1.211491e-03 -1.776832e-01 1.289407e-01 -1.749361e-01 1.591207e-01 -1.201867e-01 -4.297795e-01 -1.005455e-01 -7.168280e-01 4.100965e-01 -3.820734e-01 -6.266879e-02 3.695524e-01 1.554651e-01 1.060759e+00 -3.030147e-01 -1.422622e-01 -8.271292e-01
 8.523310e-02 -5.131360e-02 5.849715e-02 9.681536e-01 5.157563e-02 1.443122e-02 1.362758e-02 9.476864e-02 -5.359235e-02 1.318533e-01 2.838221e-02 -6.066226e-03 -9.194564e-02 -2.707424e-01 -2.992470e-02 -7.609653e-01 3.979374e-01 -9.641064e-02 -4.374276e-01 -6.078416e-02 5.602084e-02 9.200136e-01 2.195013e-01 -4.920387e-01 -4.280182e-01
 -8.270047e-04 6.167854e-02 -9.611712e-02 1.943118e-01 1.067860e+00 -8.660788e-02 2.170409e-01 -5.335485e-02 8.628891e-02 -7.594266e-02 3.464672e-02 7.862127e-02 -2.548243e-01 1.791695e-01 -1.932747e-01 1.011461e+00 -1.105388e-01 -7.965028e-02 6.119758e-01 -8.447977e-01 -5.098360e-01 -1.249275e+00 2.504099e-01 1.502004e-01 1.980216e-01
 -3.124129e-03 -1.023670e-01 6.933304e-03 -5.988574e-02 3.697640e-02 9.890864e-01 1.723887e-02 -3.003465e-02 -2.861526e-02 7.978343e-03 -1.368772e-01 -3.127421e-02 9.861825e-01 -6.479695e-02 5.198677e-03 3.056286e-01 2.632360e-01 2.266471e-02 7.622743e-01 1.838887e-01 8.225608e-01 -1.039307e+00 1.922758e-01 6.016147e-01 2.189160e-01
 -4.400467e-02 -3.512206e-02 -3.472230e-02 -1.043513e-01 -3.796448e-02 2.964239e-02 9.496042e-01 -5.812206e-02 3.110961e-02 -1.099759e-01 1.005939e-02 -9.582111e-02 9.956164e-01 -5.968352e-01 6.458588e-01 -3.715548e-01 5.973990e-01 -4.176578e-01 3.885695e-01 2.986911e-01 1.442372e-01 9.172347e-02 2.431811e-01 -2.338313e-01 -7.142494e-01
 4.830290e-02 -1.466538e-02 5.481948e-02 -1.707424e-03 -3.489664e-02 -4.290624e-02 2.017394e-04 9.323201e-01 6.167062e-02 -5.258291e-02 2.344964e-02 5.953364e-02 -3.529851e-01 -3.422721e-02 -9.307220e-02 -2.174183e-01 -1.480285e-01 -3.605257e-01 -1.158489e-01 2.927307e-01 -5.320027e-01 2.445495e-01 -5.841914e-01 1.406628e-01 -1.888973e-01
 -1.432082e-02 1.794844e-02 -3.019389e-02 4.404065e-02 1.653614e-03 2.065736e-02 3.832144e-02 2.307944e-02 9.571224e-01 -6.077469e-02 -6.988700e-02 -7.423241e-03 -3.837003e-01 1.263787e-01 -2.526136e-01 -2.255968e-01 -2.596161e-01 7.441361e-02 -5.648136e-01 1.551413e-02 4.257829e-02 6.042724e-01 -3.512219e-01 7.679425e-01 2.761027e-02
 -1.148871e-02 -3.748247e-02 -1.767403e-02 -1.677816e-03 -4.410009e-02 -3.167984e-02 2.274356e-02 -2.988421e-02 5.435520e-02 9.683845e-01 2.139722e-02 -1.028735e-01 -5.145841e-02 -3.089388e-02 1.568553e-01 -4.378546e-02 -4.563183e-01 -6.110210e-02 -1.336909e-01 2.361624e-01 -1.593226e-01 -1.714752e-04 1.516633e-01 -4.734496e-01 -2.089323e-01
 2.468180e-02 -5.708663e-02 -3.087127e-02 -3.202773e-02 -9.122183e-03 -6.289954e-02 4.335547e-02 -8.231121e-02 9.524335e-02 -1.158415e-01 1.074841e+00 -5.959252e-02 -4.123622e-01 9.750158e-02 8.562274e-02 1.239317e-01 -9.370448e-02 -5.035346e-02 -3.767596e-02 4.398797e-01 -5.939592e-01 5.360772e-02 -5.226187e-01 -9.448472e-02 2.200140e-01
 1.701333e-03 -7.569176e-03 1.994869e-03 -2.850969e-03 -2.553940e-02 3.028735e-02 -2.272363e-05 -1.660329e-02 -1.568050e-02 -2.690716e-02 3.936858e-03 1.003531e+00 2.945440e-01 -1.851409e-01 -2.418863e-02 -1.334387e-01 5.924983e-02 2.870048e-02 6.369434e-02 -7.309379e-02 2.981139e-01 -2.263886e-01 7.406926e-02 8.109587e-02 -1.305522e-01
 4.043839e-03 3.720941e-03 -1.390529e-02 1.704600e-02 2.182302e-03 -2.509871e-03 1.925511e-02 -6.293574e-03 1.882510e-02 -1.623819e-02 1.814203e-02 3.238222e-03 8.513311e-01 8.728354e-02 -1.313803e-01 1.148705e-01 -9.976768e-02 7.110252e-02 -9.918571e-02 7.109878e-02 -8.980772e-02 1.085120e-01 -4.545843e-02 9.339481e-02 1.579177e-01
 -2.411401e-02 1.185294e-03 -2.600615e-02 1.391018e-03 -1.744926e-02 -3.244766e-03 -9.169634e-03 -8.187259e-03 -1.004493e-02 -1.865379e-02 -1.608421e-02 -4.795662e-03 2.713877e-03 1.012359e+00 -6.245566e-02 8.161763e-02 1.528303e-03 4.185541e-02 -4.044466e-02 6.808620e-02 1.136818e-03 7.050151e-02 3.377675e-02 3.335531e-02 -5.084411e-02
 -6.634462e-03 -9.196899e-03 -3.985124e-03 -1.067857e-02 -3.810677e-03 5.158023e-03 -9.665892e-03 8.781873e-03 -3.159507e-02 4.292537e-04 -1.645809e-02 -1.046657e-02 1.716601e-01 -1.391660e-01 1.185899e+00 -2.106104e-02 5.772868e-02 -3.632985e-02 4.979573e-02 -8.609855e-02 -2.317191e-02 -3.536507e-02 9.160772e-02 -7.391635e-02 -1.664788e-01
 1.353175e-02 3.950467e-03 5.501098e-03 1.004926e-02 6.190927e-03 3.662724e-03 1.521920e-02 -3.861312e-04 1.577479e-02 -7.357979e-03 2.321030e-02 -4.527377e-03 9.785192e-02 -2.314977e-02 6.600163e-02 9.877258e-01 5.513827e-02 1.913344e-02 -7.013844e-04 1.651145e-02 -1.082564e-02 5.822949e-03 5.411870e-02 -5.701199e-02 -1.265619e-02
 -4.646741e-03 1.269292e-02 -2.602042e-03 1.281112e-02 -1.075210e-03 4.528884e-03 1.559674e-03 7.988436e-03 -8.403020e-04 9.022441e-03 9.255942e-03 1.282714e-02 1.885090e-01 -1.201943e-01 1.061818e-01 -2.462139e-02 1.086072e+00 -2.959633e-02 5.222196e-02 -1.024323e-01 -2.870588e-02 -1.578706e-01 1.444593e-01 -6.190440e-02 -2.326407e-01
 -1.469242e-02 9.718883e-03 -2.222688e-03 8.340445e-03 -2.915086e-03 -5.850967e-03 -1.473591e-03 6.553714e-03 -8.417878e-03 2.508986e-02 -1.803440e-02 2.716252e-02 9.831257e-02 -2.723566e-02 -1.607958e-02 9.800415e-02 2.095190e-02 9.534644e-01 1.462028e-01 -4.399207e-02 9.786816e-02 -1.266923e-01 9.153874e-03 1.381939e-01 -8.936927e-02
 -1.344514e-02 4.320216e-03 -2.338696e-03 2.202115e-03 -9.421309e-03 1.661953e-03 -9.167200e-03 -3.880758e-03 -2.345096e-04 3.033141e-03 -1.790370e-02 7.131128e-03 1.644314e-01 -3.571182e-02 1.007301e-01 -1.439996e-01 1.047672e-01 -4.339139e-02 1.037632e+00 6.863540e-02 5.630767e-02 8.889490e-03 7.233399e-03 -8.731996e-03 -1.404514e-01
 9.032143e-03 -1.478329e-03 6.975524e-03 -3.894211e-03 8.216163e-03 -4.834886e-03 4.150665e-03 -2.127151e-03 6.791791e-03 -1.215972e-02 6.430834e-03 6.016524e-03 -1.817993e-01 1.511416e-01 -7.857006e-02 9.700075e-02 -4.841032e-02 -1.210247e-03 1.936699e-04 1.052750e+00 -2.997658e-02 -1.155893e-02 -1.155447e-01 1.072401e-01 1.723161e-01
 -9.681876e-03 -2.643468e-04 -7.834574e-04 -2.370299e-03 -5.093125e-03 1.055452e-02 -5.026143e-03 1.495759e-03 -2.226659e-03 -6.534424e-03 -6.876721e-03 -2.387233e-02 1.650366e-01 -4.475660e-02 1.191690e-01 -4.548116e-02 3.441278e-02 -4.625819e-02 6.404603e-02 -1.449529e-03 1.065938e+00 -9.442532e-02 1.735585e-02 1.367032e-03 -6.899849e-02
 5.904395e-03 -2.805477e-03 7.359831e-03 -4.384074e-03 2.895931e-03 -1.104452e-03 1.066995e-03 -2.664269e-03 9.591662e-03 5.798803e-03 4.328397e-03 -8.153883e-03 5.212536e-02 -2.780421e-02 1.721417e-02 -3.501508e-02 3.167468e-02 -3.489396e-02 1.529972e-02 2.958899e-02 1.769320e-03 1.056892e+00 -4.089920e-02 6.826327e-02 9.899733e-03
 -3.304790e-03 5.734755e-03 5.565691e-03 -5.802776e-03 -2.014584e-03 -7.435020e-03 -8.424059e-03 -8.552722e-04 2.838091e-03 1.620196e-02 -6.465736e-03 2.422679e-02 -1.524764e-01 2.584262e-02 -6.224511e-02 -8.473778e-02 -2.907362e-02 -1.493051e-02 -2.219809e-02 -5.197639e-02 -3.817736e-02 -8.235063e-03 9.017162e-01 -3.389995e-02 2.656911e-03
 1.409532e-03 1.866182e-03 -7.721780e-04 -2.767415e-03 -1.239017e-03 -3.686130e-03 -1.837582e-03 -1.916358e-03 -1.909740e-03 1.275397e-03 -3.966362e-03 1.787104e-02 -2.343892e-02 -4.702576e-02 6.418767e-03 -5.991485e-02 -5.257747e-03 -2.551422e-02 -4.512536e-02 -3.556048e-02 -9.194306e-02 3.459807e-03 8.830293e-03 9.976752e-01 -9.636235e-02
 -1.759164e-03 -2.022791e-03 -4.925059e-03 4.748435e-03 1.938332e-03 3.168021e-03 6.846304e-03 2.461815e-03 2.794960e-03 -5.652836e-03 -7.953077e-04 -6.318885e-03 -2.243125e-02 -3.631560e-02 6.783704e-02 -6.248306e-02 -8.340916e-03 5.008214e-02 -9.675536e-02 5.677733e-03 -3.965560e-02 -7.248082e-03 -6.929613e-02 -1.551527e-02 1.034007e+00
<XFORMWGTSET>
<CLASSXFORM> 1 1
<CLASSXFORM> 2 2
