   1            "B"   25  177.142685  60.548256  78.597160
   2            "D"   60  318.693573 570.425232 167.886444
   3            "F"   32   85.733582 149.484482 136.676437
   4            "G"   28   60.768044  53.124035  63.211002
   5            "H"    0    0.000000   0.000000   0.000000
   6            "I"    3    7.999293  17.338120  24.676720
   7            "K"   42  186.437378 473.378174 173.341690
   8            "L"   60  239.219803 302.331726 580.572327
   9            "M"   33   80.143387 438.676666 136.730667
  10            "N"   75  235.891113 324.843323 270.970551
  11            "P"   27  180.191956 484.492035  89.020149
  12            "R"   89  235.751007 160.275513 259.309418
  13            "S"   65  299.153900 714.115784 410.702362
  14            "T"   59  218.436539 203.225235 589.564636
  15            "V"   21  137.526169  38.003578  76.816498
  16            "W"   25   90.075699 112.541740 142.240463
  17            "Y"    6   12.264052  16.292150  63.017960
  18            "Z"   59  170.936279 194.184418 334.417053
  19           "AA"   26  246.962814 122.822617 183.000290
  20           "AE"   33  152.874939  66.649750 193.664200
  21           "AH"  107  339.588135 217.559311 144.302353
  22           "AO"   29  176.561646 117.138390 542.363525
  23           "AW"    2    2.107291   2.107285   2.125350
  24           "AY"   16   77.131424 108.121521  81.122559
  25           "CH"    9   46.681515  42.561062 134.921860
  26           "DH"   25   77.301338 147.867493 106.627899
  27           "EA"    0    0.000000   0.000000   0.000000
  28           "EH"   32  103.011581 110.778107 119.912598
  29           "EN"    0    0.000000   0.000000   0.000000
  30           "ER"   36   97.874954 192.680023 551.912842
  31           "EY"   17   75.396851  40.434856 131.472015
  32           "HH"   23   83.220558  53.737942 312.404144
  33           "IH"   88  295.670532 258.436127 207.101044
  34           "IY"   38   92.015350 107.347076 346.298462
  35           "JH"    7   13.896925 200.991913  18.685375
  36           "NG"    7   21.783066  24.313860  59.733624
  37           "OW"   16   60.530884  96.844612  68.502708
  38           "OY"    7   64.197105  44.266514  54.074051
  39           "SH"    1    1.001664   1.001684   1.001967
  40           "TH"    3   17.720528   8.433228  22.405136
  41           "UH"    4   22.309692   6.755744  20.220512
  42           "UW"   15   45.162628  44.434387  53.050991
  43           "ZH"    0    0.000000   0.000000   0.000000
  44           "sp"    0    0.000000
  45          "sil"    0    0.000000   0.000000   0.000000
