   1            "B"  277  3502.677002 534.693909 474.340912
   2            "D"  620  1616.897705 1104.750732 2755.835449
   3            "F"  294  2366.689697 886.713989 1503.837402
   4            "G"  253  785.623718 2883.832520 888.603088
   5            "H"    1    2.589489   2.589488   3.508047
   6            "I"   18   51.423588  52.927151  37.993839
   7            "K"  462  3142.315186 7433.489746 2101.596191
   8            "L"  615  1928.265259 2986.194092 1757.780273
   9            "M"  385  1366.956299 4339.884766 1074.588379
  10            "N"  703  2036.207886 2835.623047 10308.643555
  11            "P"  253  1947.792969 4299.592285 988.311218
  12            "R"  899  2545.715332 2895.374268 2604.610596
  13            "S"  652  2225.498779 3162.004883 4420.663574
  14            "T"  685  1647.153076 2167.987793 4580.575684
  15            "V"  228  804.593933 2278.979736 718.296204
  16            "W"  288  1248.242676 1129.273926 792.755066
  17            "Y"   50  184.648453 151.634888 212.099106
  18            "Z"  582  1851.288086 1797.953369 3302.895752
  19           "AA"  341  1879.372803 1209.609009 2183.525391
  20           "AE"  303  1791.147217 1502.129639 1230.565674
  21           "AH" 1203  3430.661377 4080.082520 3185.666504
  22           "AO"  303  907.211243 1183.639404 1109.815186
  23           "AW"   46  229.983200 399.825897 257.995453
  24           "AY"  135  421.575836 764.005066 834.836182
  25           "CH"   62  237.603653 214.257492 308.716705
  26           "DH"  254  1038.455444 3309.392822 1272.716187
  27           "EA"    1    1.172038   1.172038   1.202448
  28           "EH"  399  1226.556396 814.716858 1739.083252
  29           "EN"    1    4.017966   4.017926   6.351131
  30           "ER"  406  1287.510986 1676.616821 2267.650391
  31           "EY"  178  548.779785 883.562256 695.407959
  32           "HH"  283  1914.406372 4455.160156 1400.595337
  33           "IH"  810  2477.636230 2072.096191 2374.774414
  34           "IY"  438  1227.813721 2264.208008 1859.935303
  35           "JH"   93  435.149414 234.476273 309.979034
  36           "NG"   72  301.437103 328.013947 1435.218140
  37           "OW"  147  447.423615 767.628113 1056.440186
  38           "OY"   27   99.511940 174.338165 252.621918
  39           "SH"   32  182.964752 147.533875 144.443176
  40           "TH"   43  326.133575 837.442139 226.819809
  41           "UH"   47  186.086060 306.828857 859.207886
  42           "UW"  150  326.217926 310.103088 828.038269
  43           "ZH"    1    0.999763   0.999763   0.999763
  44           "sp"    0    0.000000
  45          "sil"    0    0.000000   0.000000   0.000000
