   1            "B"   66  1152.344971 100.481728 153.006714
   2            "D"  168  382.765900 561.197083 1236.138306
   3            "F"   73  1067.679443 250.077911 361.435822
   4            "G"   67  151.052719 582.173950 228.593185
   5            "H"    0    0.000000   0.000000   0.000000
   6            "I"    5   49.551334  19.862087  20.969662
   7            "K"  110  628.166138 1347.615356 485.709351
   8            "L"  143  526.504456 621.702576 583.887573
   9            "M"   87  358.874756 348.748444 186.162231
  10            "N"  164  521.724121 608.279663 1000.859070
  11            "P"   81  1101.621094 179.542130 246.458466
  12            "R"  234  640.639648 898.423828 633.320923
  13            "S"  175  764.213318 658.176575 1151.814331
  14            "T"  181  1037.703979 2915.196289 730.672546
  15            "V"   58  141.404144 435.188904 184.430496
  16            "W"   83  260.362549 149.650833 385.985229
  17            "Y"   12   65.911629  24.456669  62.195915
  18            "Z"  149  442.688721 413.695404 1149.486938
  19           "AA"   71  696.609009 270.466736 466.285492
  20           "AE"   71  345.062683 278.822784 269.554077
  21           "AH"  306  806.919800 503.749023 861.656311
  22           "AO"   81  402.252899 338.736206 1112.649292
  23           "AW"    6  130.133835  10.371172   8.172842
  24           "AY"   35   96.402359 243.832794 289.134918
  25           "CH"   16   72.610336 112.132790 249.646988
  26           "DH"   61  651.719421 137.377747 172.520981
  27           "EA"    0    0.000000   0.000000   0.000000
  28           "EH"  109  338.493103 291.709259 482.745667
  29           "EN"    1    1.078073   1.078072   1.091830
  30           "ER"  114  342.206116 538.416016 462.364410
  31           "EY"   47  132.515930 196.488159 234.021286
  32           "HH"   62  1138.570190 199.746674 214.178467
  33           "IH"  220  653.349976 524.275208 656.971680
  34           "IY"  109  298.745972 533.618713 420.153137
  35           "JH"   21  184.796432  86.768715  68.143578
  36           "NG"   18  113.700394 117.342377 529.225647
  37           "OW"   26   48.575901 122.360359 148.799255
  38           "OY"    7   78.946472  92.783394 106.517975
  39           "SH"    6   27.570930  33.183617  23.404888
  40           "TH"    4   41.699574   9.160815  91.642807
  41           "UH"   15  102.766342  73.203804  20.378035
  42           "UW"   39   70.022125 133.414185 225.313034
  43           "ZH"    1    0.999721   0.999721   0.999721
  44           "sp"    0    0.000000
  45          "sil"    0    0.000000   0.000000   0.000000
