   1            "B"  142  2015.021362 262.751404 341.254486
   2            "D"  317  818.451416 996.458374 1374.214478
   3            "F"  153  807.924133 965.383179 874.601807
   4            "G"  135  572.003723 301.762451 1230.415527
   5            "H"    0    0.000000   0.000000   0.000000
   6            "I"    8   31.045385  31.303875  16.404562
   7            "K"  223  612.214600 1615.710815 1109.839844
   8            "L"  313  972.726196 1486.556885 1161.589844
   9            "M"  187  616.313538 1519.060791 540.712036
  10            "N"  345  1179.058350 1361.986572 5589.074219
  11            "P"  130  720.491882 2323.334473 430.661102
  12            "R"  461  1335.498779 1552.779785 1346.624878
  13            "S"  323  1181.076172 3501.081299 1886.715332
  14            "T"  357  2513.243164 814.935730 1285.777344
  15            "V"  120  700.750549 716.773804 503.593567
  16            "W"  144  1131.420654 572.562195 398.734253
  17            "Y"   19   50.769806  83.234703 128.436539
  18            "Z"  282  884.607300 788.174622 2046.637451
  19           "AA"  177  637.418396 617.839600 680.770752
  20           "AE"  133  568.837097 619.619019 576.610840
  21           "AH"  604  1570.912109 1230.524048 2037.549072
  22           "AO"  163  638.694458 573.328308 1027.395264
  23           "AW"   26  109.200661 204.962799 112.828911
  24           "AY"   66  268.756226 279.564545 322.273926
  25           "CH"   18  109.771019  71.370728 137.415283
  26           "DH"  119  497.480316 1769.270142 617.987793
  27           "EA"    0    0.000000   0.000000   0.000000
  28           "EH"  198  494.718994 424.359833 926.827454
  29           "EN"    1    3.324279   3.324275   4.910675
  30           "ER"  199  588.194702 859.913208 987.776062
  31           "EY"   96  313.075958 481.343689 432.886597
  32           "HH"  142  1987.919067 485.253357 487.311218
  33           "IH"  378  1314.582397 1162.273315 1149.710815
  34           "IY"  231  673.446228 1278.909302 930.516968
  35           "JH"   40  275.996155 110.241776 129.195099
  36           "NG"   29  117.885117 127.469635 770.418213
  37           "OW"   78  202.992737 232.794250 300.501648
  38           "OY"   12   91.692848  79.597260 220.891174
  39           "SH"   16   59.431789 114.221603  87.884819
  40           "TH"   24  271.700348 537.402832 147.251877
  41           "UH"   23   91.494034 161.168686 509.444061
  42           "UW"   79  113.514977 133.182648 476.172516
  43           "ZH"    1    0.999801   0.999801   0.999801
  44           "sp"    0    0.000000
  45          "sil"    0    0.000000   0.000000   0.000000
