   1            "B"  152  1934.820557 299.431671 296.983063
   2            "D"  302  945.679382 2461.519531 1062.812866
   3            "F"  137  820.898071 374.156189 773.242493
   4            "G"  113  667.240723 202.954712 404.069183
   5            "H"    1    1.000027   1.000027   1.000036
   6            "I"    9   71.529808  31.492275  61.570168
   7            "K"  244  1434.597168 3568.535156 1224.996460
   8            "L"  321  1263.333374 1643.558838 975.835571
   9            "M"  191  639.219849 1772.838501 494.814850
  10            "N"  385  1097.982422 1551.463013 5752.312012
  11            "P"  124  915.027649 1321.000854 1109.278564
  12            "R"  456  1266.828491 1488.548828 1247.441162
  13            "S"  358  1213.267944 1785.883789 2417.552002
  14            "T"  361  915.002747 998.852417 1702.752197
  15            "V"  110  429.591919 631.911133 384.579956
  16            "W"  143  1157.170776 463.511536 410.999359
  17            "Y"   20  121.665009  69.693367  37.063084
  18            "Z"  287  870.530090 819.700256 1707.215454
  19           "AA"  161  451.254974 388.843262 817.482849
  20           "AE"  160  884.708069 1235.931152 767.757996
  21           "AH"  601  1447.626465 1882.603394 1677.056641
  22           "AO"  152  483.094452 604.810791 804.013428
  23           "AW"   19   71.434456 182.114075 148.430878
  24           "AY"   66  185.961334 370.888702 364.273468
  25           "CH"   29  161.832794 116.248695 152.822525
  26           "DH"  145  628.701477 1612.302246 601.669006
  27           "EA"    1    1.061661   1.061659   1.071959
  28           "EH"  213  553.746948 409.518951 910.721497
  29           "EN"    1    1.145009   1.145002   1.175253
  30           "ER"  206  638.465393 845.219116 1010.224670
  31           "EY"   89  286.151489 410.563293 350.522980
  32           "HH"  137  728.992371 1691.462769 780.440369
  33           "IH"  413  1154.318970 1178.078735 1092.340820
  34           "IY"  228  640.083069 1164.155884 1050.560425
  35           "JH"   52  188.946014 128.086044 157.528183
  36           "NG"   35  115.002739 159.137512 337.309326
  37           "OW"   79  562.817749 1432.751709 434.591766
  38           "OY"   15  123.763496 131.963089 329.771332
  39           "SH"   19   95.844940  86.854744 108.386673
  40           "TH"   27  250.031082 493.035156 160.149628
  41           "UH"   19  131.095001 139.812851 365.599243
  42           "UW"   81  141.939041 118.385231 416.043060
  43           "ZH"    1    0.999788   0.999788   0.999788
  44           "sp"    0    0.000000
  45          "sil"    0    0.000000   0.000000   0.000000
